1 С_контуром_полок_выпукл_без_местн_изг_без_отв 74 5 2 1 1
2 С_контуром_полок_выпукл_без_местн_изг_с_отв 74 5 2 1 2
3 С_контуром_полок_выпукл_с_местн_изгибами 74 5 2 1 3
4 С_контуром_полок_вогн_без_местн_изг_без_отв 74 5 2 1 5
5 С_контуром_полок_вогн_без_местн_изг_с_отв 74 5 2 1 6
6 С_контуром_полок_вогн_с_местн_изгибами 74 5 2 1 7
7 С_контуром_полок_выпукл_без_местн_изг_без_отв 74 5 2 2 1 
8 С_контуром_полок_выпукл_без_местн_изг_без_отв 74 5 2 2 1
9 С_контуром_полок_выпукл_без_местн_изг_с_отв 74 5 2 2 2
10 С_контуром_полок_выпукл_с_местн_изгибами 74 5 2 2 3
11 С_контуром_полок_вогн_без_местн_изг_без_отв 74 5 2 2 5
12 С_контуром_полок_вогн_без_местн_изг_с_отв 74 5 2 2 6
13 С_контуром_полок_вогн_с_местн_изгибами 74 5 2 2 7
14 С_контуром_полок_выпукл_без_местн_изг_без_отв 74 5 2 3 1
15 С_контуром_полок_выпукл_без_местн_изг_с_отв 74 5 2 3 2
16 С_контуром_полок_выпукл_с_местн_изгибами 74 5 2 3 3
17 С_контуром_полок_вогн_без_местн_изг_без_отв 74 5 2 3 5
18 С_контуром_полок_вогн_без_местн_изг_с_отв 74 5 2 3 6
19 С_контуром_полок_вогн_с_местн_изгибами 74 5 2 3 7
20 С_контуром_полок_выпукл_без_местн_изг_без_отв 74 5 2 4 1
21 С_контуром_полок_выпукл_без_местн_изг_с_отв 74 5 2 4 2
22 С_контуром_полок_выпукл_с_местн_изгибами 74 5 2 4 3
23 С_контуром_полок_вогн_без_местн_изг_без_отв 74 5 2 4 5
24 С_контуром_полок_вогн_без_местн_изг_с_отв 74 5 2 4 6
25 С_контуром_полок_вогн_с_местн_изгибами 74 5 2 4 7
26 С_контуром_полок_выпукл_без_местн_изг_без_отв 74 5 2 5 1
27 С_контуром_полок_выпукл_без_местн_изг_с_отв 74 5 2 5 2
28 С_контуром_полок_выпукл_с_местн_изгибами 74 5 2 5 3
29 С_контуром_полок_вогн_без_местн_изг_без_отв 74 5 2 5 5
30 С_контуром_полок_вогн_без_местн_изг_с_отв 74 5 2 5 6
31 С_контуром_полок_вогн_с_местн_изгибами 74 5 2 5 7
32 С_контуром_полок_выпуклым 74 5 2 6 1
33 С_контуром_полок_вогнутым 74 5 2 6 5
34 С_контуром_полок_выпуклым 74 5 2 7 1
35 С_контуром_полок_вогнутым 74 5 2 7 5